<?xml version="1.0"?>
<opencv_storage>
<calibration_time>"2020年06月20日 星期六 15时54分36秒"</calibration_time>
<nr_of_frames>12</nr_of_frames>
<image_width>1280</image_width>
<image_height>720</image_height>
<board_width>10</board_width>
<board_height>7</board_height>
<square_size>50.</square_size>
<fix_aspect_ratio>1.</fix_aspect_ratio>
<!-- flags: +fix_skew +fix_k4 +recompute_extrinsic -->
<flags>650</flags>
<fisheye_model>1</fisheye_model>
<camera_matrix type_id="opencv-matrix">
  <rows>3</rows>
  <cols>3</cols>
  <dt>d</dt>
  <data>
    9.4681321043492312e+02 0. 6.3950000000000000e+02 0.
    9.4771784193737903e+02 3.5950000000000000e+02 0. 0. 1.</data></camera_matrix>
<distortion_coefficients type_id="opencv-matrix">
  <rows>4</rows>
  <cols>1</cols>
  <dt>d</dt>
  <data>
    3.6360943486384634e-01 -1.4619226198709462e-01
    4.8355251173470676e-01 0.</data></distortion_coefficients>
<avg_reprojection_error>7.4171372361336974e-01</avg_reprojection_error>
<per_view_reprojection_errors type_id="opencv-matrix">
  <rows>12</rows>
  <cols>1</cols>
  <dt>f</dt>
  <data>
    3.08513850e-01 4.64862704e-01 5.34489810e-01 5.69474995e-01
    8.08835626e-01 7.46575594e-01 1.36375391e+00 5.11698008e-01
    8.44036877e-01 8.39513302e-01 4.37969357e-01 8.59164655e-01</data></per_view_reprojection_errors>
<!-- a set of 6-tuples (rotation vector + translation vector) for each view -->
<extrinsic_parameters type_id="opencv-matrix">
  <rows>12</rows>
  <cols>6</cols>
  <dt>d</dt>
  <data>
    -2.5980408402571618e-02 1.1815251764239771e-02
    -2.1369682066260900e-02 -2.6259172744227482e+02
    -1.5013314270422163e+02 6.5076114096030335e+02
    1.8783574438932601e-01 3.4080574788432614e-03
    -4.4819225470020402e-02 -2.6249825531835506e+02
    -1.4332020633438907e+02 6.1417086164375849e+02
    -4.3948274340549737e-02 -1.5901241590628848e-01
    -3.8070877456305267e-02 -2.9192567949352303e+02
    -1.4523400761499192e+02 6.1248631156753356e+02
    -5.4180921683236474e-02 3.8204632641184355e-01
    1.4654409619692103e-02 -2.8342586424046874e+02
    -1.5195698577413373e+02 7.4503196408056158e+02
    -4.5574902681178746e-02 1.3175472526942796e-02
    -1.9316588833120132e-01 -2.9165913225243480e+02
    -1.2569187127204076e+02 6.3575994821752818e+02
    -2.1596684373807951e-01 -4.2158251451727510e-02
    -1.4250602265305079e-01 -1.5172004342333557e+02
    -1.0711546660350552e+02 6.5294093975274677e+02
    -1.8339477927677919e-01 -2.5276018993027234e-02
    -9.7860967431765103e-02 -1.8603080905622281e+02
    -1.4066246347070623e+02 6.3968745725872861e+02
    -1.7675445550053226e-01 3.6291116791742351e-02
    -5.7415047682237985e-02 -3.5842711857221030e+02
    -1.5015910813345465e+02 6.6496844041651650e+02
    -7.0610096263342581e-02 8.7348526184524447e-02
    -7.1550047486137608e-02 -2.5689394340378067e+02
    -1.5243522999020644e+02 6.5248719695970749e+02
    -4.8431448610766675e-01 -4.5116123706362796e-02
    -7.3223677555524391e-02 -1.6946287338934377e+02
    -1.3605175642753815e+02 6.4909482484246496e+02
    -1.2883187834587770e-01 4.8080549840749598e-01
    -7.1390631045400624e-02 -1.8691743164161142e+02
    -1.2880102625032143e+02 7.7423326914508300e+02
    -7.1443094165163687e-02 -1.4045350103334617e-01
    -1.3881443299063451e-01 -2.3481792226980730e+02
    -1.1796085620421017e+02 6.1266568621131535e+02
  </data>
</extrinsic_parameters>
<image_points type_id="opencv-matrix">
  <rows>12</rows>
  <cols>70</cols>
  <dt>"2f"</dt>
  <data>
    2.57487335e+02 1.41225082e+02 3.29414948e+02 1.38874954e+02
    4.01887878e+02 1.36913162e+02 4.74743835e+02 1.34966064e+02
    5.47782288e+02 1.33321915e+02 6.21083801e+02 1.31591888e+02
    6.94388000e+02 1.30038101e+02 7.67580750e+02 1.28455002e+02
    8.40811401e+02 1.26917877e+02 9.13904785e+02 1.25562187e+02
    2.58390747e+02 2.13713593e+02 3.30487885e+02 2.11605820e+02
    4.03239532e+02 2.09758316e+02 4.76313965e+02 2.08113617e+02
    5.49294800e+02 2.06421402e+02 6.22526733e+02 2.04647110e+02
    6.95893677e+02 2.03183380e+02 7.69348083e+02 2.01404083e+02
    8.42670715e+02 1.99781860e+02 9.16113281e+02 1.98269501e+02
    2.59274323e+02 2.86408417e+02 3.31510620e+02 2.84549561e+02
    4.04408234e+02 2.82741119e+02 4.77541290e+02 2.81136719e+02
    5.50590515e+02 2.79518799e+02 6.24124573e+02 2.77822968e+02
    6.97503479e+02 2.76279022e+02 7.71141602e+02 2.74598663e+02
    8.44574402e+02 2.73036194e+02 9.18363342e+02 2.71440918e+02
    2.60111176e+02 3.59369659e+02 3.32496887e+02 3.57654877e+02
    4.05450073e+02 3.56147614e+02 4.78752838e+02 3.54386444e+02
    5.52129822e+02 3.52707642e+02 6.25575256e+02 3.51273773e+02
    6.99221375e+02 3.49598022e+02 7.72619263e+02 3.47925018e+02
    8.46597046e+02 3.46459869e+02 9.20613586e+02 3.44882172e+02
    2.61176727e+02 4.32561249e+02 3.33527588e+02 4.30929260e+02
    4.06491333e+02 4.29463287e+02 4.80054901e+02 4.27811279e+02
    5.53462219e+02 4.26410187e+02 6.27089539e+02 4.24712738e+02
    7.00748352e+02 4.23311859e+02 7.74636414e+02 4.21681763e+02
    8.48705322e+02 4.20292084e+02 9.23043335e+02 4.18708435e+02
    2.62044800e+02 5.06006958e+02 3.34468353e+02 5.04636230e+02
    4.07549805e+02 5.03340424e+02 4.81200989e+02 5.01692108e+02
    5.54606995e+02 5.00407959e+02 6.28529297e+02 4.98881287e+02
    7.02488220e+02 4.97484833e+02 7.76554626e+02 4.95761688e+02
    8.50944336e+02 4.94464386e+02 9.25491821e+02 4.93197723e+02
    2.63062378e+02 5.79635132e+02 3.35446136e+02 5.78628418e+02
    4.08569122e+02 5.77465210e+02 4.82287781e+02 5.76162476e+02
    5.56015076e+02 5.74633362e+02 6.30202942e+02 5.73458008e+02
    7.04437195e+02 5.72152710e+02 7.78633362e+02 5.70616699e+02
    8.53315369e+02 5.69398560e+02 9.27858643e+02 5.67989075e+02
    2.35756012e+02 1.38879395e+02 3.11395386e+02 1.34904022e+02
    3.87997314e+02 1.31234314e+02 4.65128998e+02 1.27549347e+02
    5.42490051e+02 1.23878479e+02 6.20262939e+02 1.20476753e+02
    6.97851257e+02 1.16715981e+02 7.75329224e+02 1.13237396e+02
    8.52466675e+02 1.09558296e+02 9.29253479e+02 1.06104439e+02
    2.45145706e+02 2.16387238e+02 3.19723358e+02 2.12907776e+02
    3.95259369e+02 2.09552872e+02 4.71251740e+02 2.06048874e+02
    5.47454224e+02 2.02674606e+02 6.23803528e+02 1.99332016e+02
    7.00172485e+02 1.95638733e+02 7.76453979e+02 1.91943787e+02
    8.52498535e+02 1.88303467e+02 9.28320129e+02 1.84650940e+02
    2.54134811e+02 2.91665039e+02 3.27901978e+02 2.88524109e+02
    4.02287079e+02 2.85404663e+02 4.77176208e+02 2.82117859e+02
    5.52128296e+02 2.78652222e+02 6.27306702e+02 2.75462067e+02
    7.02410645e+02 2.71798431e+02 7.77453674e+02 2.68288849e+02
    8.52565186e+02 2.64570343e+02 9.27373474e+02 2.60910248e+02
    2.62830444e+02 3.64830780e+02 3.35637115e+02 3.61816681e+02
    4.08870361e+02 3.59220459e+02 4.82852539e+02 3.55675354e+02
    5.56674683e+02 3.52529266e+02 6.30598511e+02 3.49299347e+02
    7.04611877e+02 3.45748474e+02 7.78624023e+02 3.42361908e+02
    8.52575928e+02 3.38632050e+02 9.26521973e+02 3.35052307e+02
    2.71502991e+02 4.35845428e+02 3.43147705e+02 4.33199982e+02
    4.15518677e+02 4.30356781e+02 4.88288147e+02 4.27330750e+02
    5.61088501e+02 4.24197815e+02 6.33879456e+02 4.20863800e+02
    7.06818726e+02 4.17502777e+02 7.79824768e+02 4.13926422e+02
    8.52719482e+02 4.10458862e+02 9.25651184e+02 4.07027069e+02
    2.79832062e+02 5.04938019e+02 3.50481445e+02 5.02552399e+02
    4.21769012e+02 4.99899445e+02 4.93414581e+02 4.96751404e+02
    5.65451294e+02 4.93772583e+02 6.37170105e+02 4.90512909e+02
    7.09325256e+02 4.87466797e+02 7.81211426e+02 4.84082245e+02
    8.53282654e+02 4.80622223e+02 9.25332520e+02 4.77354126e+02
    2.87942352e+02 5.72219788e+02 3.57483032e+02 5.70027893e+02
    4.27803650e+02 5.67492432e+02 4.98474915e+02 5.64682251e+02
    5.69348694e+02 5.61745178e+02 6.40438782e+02 5.58778687e+02
    7.11410767e+02 5.55606445e+02 7.82532837e+02 5.52442078e+02
    8.53612976e+02 5.49252075e+02 9.24618408e+02 5.45824646e+02
