<?xml version="1.0"?>
<opencv_storage>
<calibration_time>"2020年06月24日 星期三 15时49分38秒"</calibration_time>
<nr_of_frames>13</nr_of_frames>
<image_width>1280</image_width>
<image_height>960</image_height>
<board_width>6</board_width>
<board_height>9</board_height>
<square_size>50.</square_size>
<fix_aspect_ratio>1.</fix_aspect_ratio>
<!-- flags: +fix_skew +fix_k4 +recompute_extrinsic -->
<flags>650</flags>
<fisheye_model>1</fisheye_model>
<camera_matrix type_id="opencv-matrix">
  <rows>3</rows>
  <cols>3</cols>
  <dt>d</dt>
  <data>
    3.1511066457749661e+02 0. 6.3950000000000000e+02 0.
    3.1406626910598663e+02 4.7950000000000000e+02 0. 0. 1.</data></camera_matrix>
<distortion_coefficients type_id="opencv-matrix">
  <rows>4</rows>
  <cols>1</cols>
  <dt>d</dt>
  <data>
    -1.0405917379842304e-02 7.2882508613944111e-03
    -8.2144584095523651e-03 0.</data></distortion_coefficients>
<avg_reprojection_error>1.1847350446446230e+00</avg_reprojection_error>
<per_view_reprojection_errors type_id="opencv-matrix">
  <rows>13</rows>
  <cols>1</cols>
  <dt>f</dt>
  <data>
    6.81649983e-01 8.95611942e-01 5.87930262e-01 6.59541249e-01
    8.84556532e-01 1.40365684e+00 1.83241558e+00 1.47134066e+00
    3.59783888e-01 1.77391875e+00 1.53929043e+00 1.03915453e+00
    1.09479034e+00</data></per_view_reprojection_errors>
<!-- a set of 6-tuples (rotation vector + translation vector) for each view -->
<extrinsic_parameters type_id="opencv-matrix">
  <rows>13</rows>
  <cols>6</cols>
  <dt>d</dt>
  <data>
    -6.7319985654652803e-02 -2.4000156705244056e-02
    2.8870859072941859e+00 1.3290274799137316e+02 1.7561149183289007e+02
    4.0626190864699731e+02 -6.4080033175853857e-01
    1.3306163479464481e-01 1.8939329952440054e+00 7.1864760753132742e+01
    2.6277907654173941e+02 4.9921201772020152e+02
    -8.0552289992262860e-01 -4.6601481697325052e-02
    2.9163553637922690e+00 -9.1092956985399624e+01
    7.4673397585121648e+01 4.7832638445720289e+02 5.0990485093841242e-01
    7.2500160140172409e-02 -2.4060504143752959e+00
    -2.3376759814838692e+02 4.7803275973498586e+01
    4.6388048053566570e+02 6.1245485674064581e-01
    -1.5910567238153067e-02 -2.4782248045402313e+00
    -1.4075698968783416e+02 5.4810769264573098e+00
    3.3334712989378011e+02 -6.1828848752492904e-01
    -9.9110774250984773e-02 2.9648037508499692e+00
    5.4530763564665321e+01 1.5182370686222697e+02 3.1167905068946664e+02
    -5.9765661969161610e-01 -1.9514788372624708e-01
    2.7905007970911084e+00 3.7038102712197379e+01 2.5332882309959803e+02
    3.4574097678612037e+02 6.2479562274261358e-01 4.5393359473667967e-02
    -2.7199084594583485e+00 -3.4096292182670396e+01
    1.2063715943584945e+02 2.5934406053830600e+02 2.8507001479222144e-01
    1.3109970628103829e-01 -1.6643827202060717e+00
    -1.3820786421111345e+02 6.8508455898598072e+01
    5.9664831568188708e+02 -7.3042883008098480e-01
    -1.7438781212212120e-02 2.9989187959033661e+00
    -7.5872699732521121e-01 1.5453489363516451e+02
    2.6795887029689686e+02 7.8719072393761524e-02
    -8.2852077170005575e-02 2.9750121816747530e+00
    1.9381495316237348e+02 6.4765715652416418e+01 2.8702533184796681e+02
    1.7599623686736812e-01 2.0885159613127716e-01 2.4490219552990355e+00
    4.1413974421443328e+02 3.3785506584168036e+02 2.9715813256709947e+02
    1.8384725955361325e-01 2.5987058458853873e-01 2.2847168073464292e+00
    4.4485366789954031e+02 3.0312731751436252e+02 2.6758579972976116e+02</data></extrinsic_parameters>
<image_points type_id="opencv-matrix">
  <rows>13</rows>
  <cols>54</cols>
  <dt>"2f"</dt>
  <data>
    7.32297607e+02 6.04608704e+02 6.99086426e+02 6.15154846e+02
    6.64948303e+02 6.24711182e+02 6.30206360e+02 6.33151672e+02
    5.95925903e+02 6.40483887e+02 5.62819641e+02 6.46764709e+02
    7.26856018e+02 5.73479309e+02 6.92565186e+02 5.83492065e+02
    6.57128784e+02 5.93258423e+02 6.21202393e+02 6.02250916e+02
    5.85633423e+02 6.10327332e+02 5.51568054e+02 6.17211548e+02
    7.20399719e+02 5.38968445e+02 6.84809875e+02 5.49337402e+02
    6.48351196e+02 5.58811584e+02 6.11438538e+02 5.68398376e+02
    5.74941345e+02 5.77057434e+02 5.40432861e+02 5.84595825e+02
    7.12553162e+02 5.02962982e+02 6.76381226e+02 5.12524353e+02
    6.38979492e+02 5.22457520e+02 6.01272766e+02 5.32216064e+02
    5.64226501e+02 5.41361389e+02 5.29303711e+02 5.49861023e+02
    7.03673096e+02 4.65614807e+02 6.66946960e+02 4.74768188e+02
    6.29317200e+02 4.84492828e+02 5.91051453e+02 4.94518402e+02
    5.53779602e+02 5.04329193e+02 5.18721680e+02 5.13738953e+02
    6.94011230e+02 4.28353424e+02 6.57191895e+02 4.36742615e+02
    6.19456238e+02 4.46332977e+02 5.81209167e+02 4.56416870e+02
    5.44006653e+02 4.66693817e+02 5.09307190e+02 4.77074585e+02
    6.83674133e+02 3.92296448e+02 6.47174988e+02 3.99952454e+02
    6.09434143e+02 4.09130035e+02 5.71962402e+02 4.19160614e+02
    5.35418274e+02 4.30005676e+02 5.00814819e+02 4.40841644e+02
    6.73131470e+02 3.58352966e+02 6.37092041e+02 3.65390259e+02
    6.00101013e+02 3.73985382e+02 5.63541931e+02 3.84198212e+02
    5.27657166e+02 3.95096832e+02 4.94324127e+02 4.06442719e+02
    6.62584717e+02 3.26718872e+02 6.27503662e+02 3.33378693e+02
    5.91614136e+02 3.41674469e+02 5.55711914e+02 3.51459625e+02
    5.21286682e+02 3.62604919e+02 4.88583801e+02 3.74183868e+02
    6.81150452e+02 6.30417908e+02 6.73454895e+02 6.57400391e+02
    6.65608704e+02 6.84209167e+02 6.57145386e+02 7.10567627e+02
    6.48458252e+02 7.35852417e+02 6.39745056e+02 7.59654846e+02
    6.56335876e+02 6.22875122e+02 6.47810303e+02 6.50720703e+02
    6.39411377e+02 6.78529419e+02 6.30583862e+02 7.05451233e+02
    6.21655090e+02 7.31593933e+02 6.12949890e+02 7.56217041e+02
    6.29437134e+02 6.14250305e+02 6.20494324e+02 6.42907288e+02
    6.11421631e+02 6.71172852e+02 6.02190247e+02 6.99215210e+02
    5.93214600e+02 7.25861328e+02 5.84432068e+02 7.51122131e+02
    6.01116638e+02 6.04479431e+02 5.91463196e+02 6.33596008e+02
    5.81697815e+02 6.62843933e+02 5.72246277e+02 6.91336914e+02
    5.63142029e+02 7.18826721e+02 5.54431763e+02 7.44257935e+02
    5.71673523e+02 5.93605286e+02 5.61331116e+02 6.23287720e+02
    5.51173950e+02 6.52802307e+02 5.41427368e+02 6.81770081e+02
    5.32183472e+02 7.09710754e+02 5.23650940e+02 7.35715149e+02
    5.41671631e+02 5.81782288e+02 5.30612793e+02 6.11506042e+02
    5.20098511e+02 6.41457886e+02 5.10122772e+02 6.70541138e+02
    5.00733032e+02 6.99019043e+02 4.92519470e+02 7.25299316e+02
    5.11669739e+02 5.69135986e+02 5.00259949e+02 5.99179688e+02
    4.89283691e+02 6.28670166e+02 4.79103546e+02 6.58332642e+02
    4.69861420e+02 6.86344055e+02 4.61804382e+02 7.13563721e+02
    4.82833954e+02 5.56330078e+02 4.70520508e+02 5.85488464e+02
    4.59332886e+02 6.15295288e+02 4.49122894e+02 6.44214478e+02
    4.40141083e+02 6.72885193e+02 4.32358887e+02 6.99443970e+02
    4.54746124e+02 5.42741394e+02 4.42236084e+02 5.71739014e+02
    4.30740448e+02 6.00721191e+02 4.20540314e+02 6.29843140e+02
    4.11726654e+02 6.57821045e+02 4.04094330e+02 6.85090149e+02
    5.79126953e+02 5.27500916e+02 5.49033875e+02 5.33319153e+02
    5.17316467e+02 5.38962891e+02 4.84601196e+02 5.44721069e+02
    4.51468140e+02 5.50509827e+02 4.19373718e+02 5.55796387e+02
    5.75645386e+02 4.95686859e+02 5.44803467e+02 5.00380371e+02
    5.12618835e+02 5.05234589e+02 4.79303192e+02 5.10107574e+02
    4.45537567e+02 5.15385315e+02 4.12667023e+02 5.20542175e+02
    5.72513733e+02 4.63360718e+02 5.41314575e+02 4.66550140e+02
    5.08616974e+02 4.70319550e+02 4.74855133e+02 4.74445618e+02
    4.40735748e+02 4.79086945e+02 4.07667664e+02 4.84019867e+02
    5.69667603e+02 4.30550690e+02 5.38450500e+02 4.32781952e+02
    5.05677856e+02 4.35475983e+02 4.71638885e+02 4.38784821e+02
    4.37619904e+02 4.42706635e+02 4.04570160e+02 4.47402588e+02
    5.67388123e+02 3.99407410e+02 5.36120972e+02 4.00057312e+02
    5.03579468e+02 4.01764587e+02 4.69967804e+02 4.04027832e+02
